%Term	%PValue
GO:0051301	0.010077792
GO:0007155	0.01513702
GO:0006826	0.045148214
GO:0006825	0.049152345